17090812 002 2 143 1471 1008     000                                    
17090818 002 2 146 1461 1006     000                                    
17090900 002 2 149 1452 1006     000                                    
17090906 002 2 153 1440 1004     000                                    
17090912 002 3 154 1429 1000     035     00000 0000 90060 0060          
17090918 002 3 156 1415  996     040     00000 0000 90090 0090          
17091000 002 3 157 1404  990     045     00000 0000 90120 0120          
17091006 002 3 166 1396  990     045     00000 0000 90150 0150          
17091012 002 3 169 1385  990     045     00000 0000 90180 0180          
17091018 002 4 173 1373  985     050     00000 0000 90180 0180          
17091100 002 4 179 1361  980     055     90040 0040 90180 0180          
17091106 002 4 186 1347  975     060     90040 0040 90180 0180          
17091112 002 4 193 1338  975     060     90040 0040 90180 0180          
17091118 002 5 202 1322  965     065     90050 0050 90210 0210          
17091200 002 5 211 1307  960     070     90050 0050 90210 0210          
17091206 002 5 221 1287  955     080     90080 0080 90210 0210          
17091212 002 5 230 1278  955     080     90080 0080 90210 0210          
17091215 002 5 234 1274  955     080     90080 0080 90210 0210          
17091218 002 5 237 1270  955     080     90080 0080 90210 0210          
17091221 002 5 240 1266  955     080     90080 0080 90210 0210          
17091300 002 5 243 1263  955     080     90080 0080 90210 0210          
17091303 002 5 246 1260  955     080     90080 0080 90210 0210          
17091306 002 5 249 1258  955     080     90080 0080 90210 0210          
17091309 002 5 253 1256  950     080     90080 0080 90210 0210          
17091312 002 5 254 1253  945     085     90100 0100 90240 0240          
17091315 002 5 257 1251  945     085     90100 0100 90240 0240          
17091318 002 5 260 1249  940     090     90100 0100 90240 0240          
17091321 002 5 263 1247  940     090     90100 0100 90240 0240          
17091400 002 5 266 1246  935     095     90110 0110 90240 0240          
17091406 002 5 270 1243  935     095     90110 0110 90240 0240          
17091412 002 5 273 1244  935     095     90110 0110 90240 0240          
17091418 002 5 277 1245  935     095     90110 0110 90240 0240          
17091500 002 5 281 1248  940     085     90110 0110 90270 0270          
17091506 002 5 283 1250  950     080     90110 0110 90270 0270          
17091512 002 5 284 1253  950     080     90100 0100 90270 0270          
17091518 002 5 285 1257  955     075     90100 0100 90270 0270          
17091600 002 5 286 1263  960     070     90100 0100 90270 0270          
17091603 002 5 288 1266  965     065     90100 0100 10300 0240          
17091606 002 5 290 1270  965     065     90100 0100 10300 0240          
17091609 002 5 293 1274  965     065     90100 0100 10300 0240          
17091612 002 5 295 1279  965     065     90100 0100 10300 0240          
17091615 002 5 298 1284  965     065     90100 0100 10300 0240          
17091618 002 5 300 1289  965     065     90100 0100 10300 0240          
17091621 002 4 304 1295  970     060     90100 0100 10300 0240          
17091700 002 4 307 1300  970     060     90100 0100 10300 0240          
17091702 002 4 310 1303  975     055     20100 0070 20300 0180         #
17091703 002 4 314 1307  975     055     20100 0070 20300 0180         #
17091706 002 4 324 1321  975     055     20100 0070 20300 0180          
17091707 002 4 327 1325  975     055     20100 0070 20300 0180         #
17091709 002 4 333 1333  975     055     20100 0070 20300 0180          
17091712 002 4 344 1346  975     055     20100 0070 20300 0180          
17091713 002 4 347 1349  975     055     20100 0070 20300 0180         #
17091715 002 4 360 1365  975     055     20100 0070 20300 0180          
17091718 002 6 378 1387  980     000                                    
17091800 002 6 413 1399  976     000                                    
17091806 002 6 443 1423  976     000                                    
17091812 002 6 466 1431  976     000                                    
17091818 002 6 484 1437  976     000                                    
17091900 002 6 498 1443  980     000                                    
17091906 002 6 507 1446  982     000                                    
17091912 002 6 513 1450  982     000                                    
17091918 002 6 517 1454  984     000                                    
17092000 002 6 520 1459  988     000                                    
17092006 002 6 526 1461  988     000                                    
17092012 002 6 533 1462  992     000                                    
17092018 002 6 538 1462  994     000                                    
17092100 002 6 546 1464  994     000                                    
17092106 002 6 553 1465  996     000                                    
17092112 002 6 559 1466  998     000                                    
17092118 002 6 563 1473 1000     000                                    
17092200 002 6 570 1478 1000     000                                    
17092206 002 6 580 1478 1002     000                                    
17092212 002 6 589 1487 1006     000                                    
17092218 002 6 595 1498 1006     000                                    